   9.99999978E-03   3.99999991E-02   3.96026373E-02   1.59748025E-43
   1.99999996E-02   7.91999996E-02   7.84211159E-02   3.99999991E-02
   2.99999993E-02  0.117615998      0.116470933       7.91999996E-02
   3.99999991E-02  0.155263677      0.153767347      0.117615998    
   4.99999970E-02  0.192158401      0.190325141      0.155263677    
   5.99999949E-02  0.228315234      0.226159096      0.192158401    
   6.99999928E-02  0.263748944      0.261283517      0.228315234    
   7.99999908E-02  0.298473954      0.295712352      0.263748944    
   8.99999887E-02  0.332504481      0.329459548      0.298473954    
   9.99999866E-02  0.365854383      0.362538457      0.332504481    
  0.109999985      0.398537278      0.394962430      0.365854383    
  0.119999982      0.430566519      0.426744223      0.398537278    
  0.129999980      0.461955190      0.457896709      0.430566519    
  0.139999986      0.492716074      0.488432527      0.461955190    
  0.149999991      0.522861779      0.518363476      0.492716074    
  0.159999996      0.552404523      0.547701955      0.522861779    
  0.170000002      0.581356406      0.576459408      0.552404523    
  0.180000007      0.609729290      0.604647398      0.581356406    
  0.190000013      0.637534678      0.632277250      0.609729290    
  0.200000018      0.664783955      0.659359932      0.637534678    
  0.210000023      0.691488266      0.685906410      0.664783955    
  0.220000029      0.717658520      0.711927176      0.691488266    
  0.230000034      0.743305326      0.737432837      0.717658520    
  0.240000039      0.768439233      0.762433290      0.743305326    
  0.250000030      0.793070436      0.786938787      0.768439233    
  0.260000020      0.817209005      0.810958982      0.793070436    
  0.270000011      0.840864837      0.834503531      0.817209005    
  0.280000001      0.864047527      0.857581854      0.840864837    
  0.289999992      0.886766553      0.880203247      0.864047527    
  0.299999982      0.909031212      0.902376652      0.886766553    
  0.309999973      0.930850565      0.924111009      0.909031212    
  0.319999963      0.952233553      0.945415020      0.930850565    
  0.329999954      0.973188877      0.966297269      0.952233553    
  0.339999944      0.993725121      0.986765862      0.973188877    
  0.349999934       1.01385057       1.00682926      0.993725121    
  0.359999925       1.03357351       1.02649534       1.01385057    
  0.369999915       1.05290198       1.04577208       1.03357351    
  0.379999906       1.07184398       1.06466699       1.05290198    
  0.389999896       1.09040713       1.08318782       1.07184398    
  0.399999887       1.10859895       1.10134184       1.09040713    
  0.409999877       1.12642694       1.11913657       1.10859895    
  0.419999868       1.14389837       1.13657880       1.12642694    
  0.429999858       1.16102040       1.15367568       1.14389837    
  0.439999849       1.17779994       1.17043400       1.16102040    
  0.449999839       1.19424391       1.18686044       1.17779994    
  0.459999830       1.21035898       1.20296168       1.19424391    
  0.469999820       1.22615182       1.21874404       1.21035898    
  0.479999810       1.24162877       1.23421407       1.22615182    
  0.489999801       1.25679624       1.24937749       1.24162877    
  0.499999791       1.27166033       1.26424086       1.25679624    
  0.509999812       1.28622711       1.23920786       1.27166033    
  0.519999802       1.26050258       1.21466994       1.28622711    
  0.529999793       1.23529255       1.19061792       1.26050258    
  0.539999783       1.21058667       1.16704214       1.23529255    
  0.549999774       1.18637490       1.14393306       1.21058667    
  0.559999764       1.16264737       1.12128174       1.18637490    
  0.569999754       1.13939440       1.09907889       1.16264737    
  0.579999745       1.11660647       1.07731569       1.13939440    
  0.589999735       1.09427440       1.05598342       1.11660647    
  0.599999726       1.07238889       1.03507352       1.09427440    
  0.609999716       1.05094111       1.01457775       1.07238889    
  0.619999707       1.02992225      0.994487822       1.05094111    
  0.629999697       1.00932384      0.974795699       1.02992225    
  0.639999688      0.989137352      0.955493510       1.00932384    
  0.649999678      0.969354630      0.936573386      0.989137352    
  0.659999669      0.949967563      0.918027997      0.969354630    
  0.669999659      0.930968225      0.899849892      0.949967563    
  0.679999650      0.912348866      0.882031739      0.930968225    
  0.689999640      0.894101918      0.864566326      0.912348866    
  0.699999630      0.876219869      0.847446740      0.894101918    
  0.709999621      0.858695447      0.830666184      0.876219869    
  0.719999611      0.841521561      0.814217925      0.858695447    
  0.729999602      0.824691117      0.798095345      0.841521561    
  0.739999592      0.808197320      0.782292008      0.824691117    
  0.749999583      0.792033374      0.766801596      0.808197320    
  0.759999573      0.776192725      0.751617908      0.792033374    
  0.769999564      0.760668874      0.736734927      0.776192725    
  0.779999554      0.745455503      0.722146630      0.760668874    
  0.789999545      0.730546415      0.707847118      0.745455503    
  0.799999535      0.715935469      0.693830848      0.730546415    
  0.809999526      0.701616764      0.680092037      0.715935469    
  0.819999516      0.687584400      0.666625381      0.701616764    
  0.829999506      0.673832715      0.653425217      0.687584400    
  0.839999497      0.660356045      0.640486598      0.673832715    
  0.849999487      0.647148907      0.627804101      0.660356045    
  0.859999478      0.634205937      0.615372837      0.647148907    
  0.869999468      0.621521831      0.603187561      0.634205937    
  0.879999459      0.609091401      0.591243744      0.621521831    
  0.889999449      0.596909583      0.579536319      0.609091401    
  0.899999440      0.584971368      0.568060756      0.596909583    
  0.909999430      0.573271930      0.556812346      0.584971368    
  0.919999421      0.561806500      0.545786798      0.573271930    
  0.929999411      0.550570369      0.534979403      0.561806500    
  0.939999402      0.539558947      0.524386227      0.550570369    
  0.949999392      0.528767765      0.514002621      0.539558947    
  0.959999382      0.518192410      0.503824770      0.528767765    
  0.969999373      0.507828534      0.493848324      0.518192410    
  0.979999363      0.497671962      0.484069556      0.507828534    
  0.989999354      0.487718523      0.474484295      0.497671962    
  0.999999344      0.477964163      0.465088904      0.487718523    
   1.00999939      0.468404889      0.455879450      0.477964163    
   1.01999938      0.459036797      0.446852475      0.468404889    
   1.02999938      0.449856073      0.438004225      0.459036797    
   1.03999937      0.440858960      0.429331154      0.449856073    
   1.04999936      0.432041794      0.420829833      0.440858960    
   1.05999935      0.423400968      0.412496865      0.432041794    
   1.06999934      0.414932936      0.404328883      0.423400968    
   1.07999933      0.406634271      0.396322638      0.414932936    
   1.08999932      0.398501575      0.388474911      0.406634271    
   1.09999931      0.390531540      0.380782634      0.398501575    
   1.10999930      0.382720917      0.373242617      0.390531540    
   1.11999929      0.375066489      0.365851939      0.382720917    
   1.12999928      0.367565155      0.358607590      0.375066489    
   1.13999927      0.360213846      0.351506680      0.367565155    
   1.14999926      0.353009582      0.344546378      0.360213846    
   1.15999925      0.345949382      0.337723911      0.353009582    
   1.16999924      0.339030385      0.331036538      0.345949382    
   1.17999923      0.332249790      0.324481577      0.339030385    
   1.18999922      0.325604796      0.318056434      0.332249790    
   1.19999921      0.319092691      0.311758518      0.325604796    
   1.20999920      0.312710851      0.305585265      0.319092691    
   1.21999919      0.306456625      0.299534261      0.312710851    
   1.22999918      0.300327480      0.293603122      0.306456625    
   1.23999918      0.294320941      0.287789375      0.300327480    
   1.24999917      0.288434535      0.282090783      0.294320941    
   1.25999916      0.282665849      0.276505023      0.288434535    
   1.26999915      0.277012527      0.271029860      0.282665849    
   1.27999914      0.271472275      0.265663117      0.277012527    
   1.28999913      0.266042829      0.260402620      0.271472275    
   1.29999912      0.260721982      0.255246341      0.266042829    
   1.30999911      0.255507529      0.250192106      0.260721982    
   1.31999910      0.250397384      0.245237976      0.255507529    
   1.32999909      0.245389432      0.240381956      0.250397384    
   1.33999908      0.240481645      0.235622078      0.245389432    
   1.34999907      0.235672012      0.230956435      0.240481645    
   1.35999906      0.230958566      0.226383194      0.235672012    
   1.36999905      0.226339400      0.221900523      0.230958566    
   1.37999904      0.221812606      0.217506602      0.226339400    
   1.38999903      0.217376351      0.213199675      0.221812606    
   1.39999902      0.213028818      0.208978057      0.217376351    
   1.40999901      0.208768249      0.204840004      0.213028818    
   1.41999900      0.204592884      0.200783923      0.208768249    
   1.42999899      0.200501025      0.196808130      0.204592884    
   1.43999898      0.196491003      0.192911059      0.200501025    
   1.44999897      0.192561179      0.189091176      0.196491003    
   1.45999897      0.188709959      0.185346931      0.192561179    
   1.46999896      0.184935763      0.181676820      0.188709959    
   1.47999895      0.181237042      0.178079382      0.184935763    
   1.48999894      0.177612305      0.174553171      0.181237042    
   1.49999893      0.174060062      0.171096787      0.177612305    
   1.50999892      0.170578867      0.167708859      0.174060062    
   1.51999891      0.167167291      0.164387986      0.170578867    
   1.52999890      0.163823947      0.161132902      0.167167291    
   1.53999889      0.160547465      0.157942250      0.163823947    
   1.54999888      0.157336518      0.154814795      0.160547465    
   1.55999887      0.154189795      0.151749253      0.157336518    
   1.56999886      0.151106000      0.148744419      0.154189795    
   1.57999885      0.148083881      0.145799085      0.151106000    
   1.58999884      0.145122200      0.142912075      0.148083881    
   1.59999883      0.142219752      0.140082225      0.145122200    
   1.60999882      0.139375359      0.137308389      0.142219752    
   1.61999881      0.136587858      0.134589568      0.139375359    
   1.62999880      0.133856103      0.131924480      0.136587858    
   1.63999879      0.131178975      0.129312217      0.133856103    
   1.64999878      0.128555402      0.126751631      0.131178975    
   1.65999877      0.125984296      0.124241836      0.128555402    
   1.66999876      0.123464614      0.121781647      0.125984296    
   1.67999876      0.120995320      0.119370215      0.123464614    
   1.68999875      0.118575417      0.117006510      0.120995320    
   1.69999874      0.116203912      0.114689685      0.118575417    
   1.70999873      0.113879830      0.112418652      0.116203912    
   1.71999872      0.111602232      0.110192619      0.113879830    
   1.72999871      0.109370187      0.108010620      0.111602232    
   1.73999870      0.107182786      0.105871923      0.109370187    
   1.74999869      0.105039127      0.103775494      0.107182786    
   1.75999868      0.102938347      0.101720609      0.105039127    
   1.76999867      0.100879580       9.97063816E-02  0.102938347    
   1.77999866       9.88619849E-02   9.77321118E-02  0.100879580    
   1.78999865       9.68847424E-02   9.57968682E-02   9.88619849E-02
   1.79999864       9.49470475E-02   9.38999653E-02   9.68847424E-02
   1.80999863       9.30481032E-02   9.20405984E-02   9.49470475E-02
   1.81999862       9.11871418E-02   9.02181193E-02   9.30481032E-02
   1.82999861       8.93633962E-02   8.84316564E-02   9.11871418E-02
   1.83999860       8.75761285E-02   8.66805911E-02   8.93633962E-02
   1.84999859       8.58246088E-02   8.49641860E-02   8.75761285E-02
   1.85999858       8.41081142E-02   8.32818225E-02   8.58246088E-02
   1.86999857       8.24259520E-02   8.16327110E-02   8.41081142E-02
   1.87999856       8.07774365E-02   8.00162852E-02   8.24259520E-02
   1.88999856       7.91618899E-02   7.84318373E-02   8.07774365E-02
   1.89999855       7.75786489E-02   7.68788159E-02   7.91618899E-02
   1.90999854       7.60270730E-02   7.53564984E-02   7.75786489E-02
   1.91999853       7.45065287E-02   7.38643408E-02   7.60270730E-02
   1.92999852       7.30163977E-02   7.24017173E-02   7.45065287E-02
   1.93999851       7.15560690E-02   7.09680989E-02   7.30163977E-02
   1.94999850       7.01249465E-02   6.95628226E-02   7.15560690E-02
   1.95999849       6.87224492E-02   6.81853890E-02   7.01249465E-02
   1.96999848       6.73480034E-02   6.68352097E-02   6.87224492E-02
   1.97999847       6.60010427E-02   6.55118152E-02   6.73480034E-02
   1.98999846       6.46810234E-02   6.42145798E-02   6.60010427E-02
   1.99999845       6.33874014E-02   6.29430488E-02   6.46810234E-02
   2.00999856       6.21196553E-02   6.16966784E-02   6.33874014E-02
   2.01999855       6.08772635E-02   6.04750030E-02   6.21196553E-02
   2.02999854       5.96597195E-02   5.92775233E-02   6.08772635E-02
   2.03999853       5.84665239E-02   5.81037477E-02   5.96597195E-02
   2.04999852       5.72971925E-02   5.69532216E-02   5.84665239E-02
   2.05999851       5.61512485E-02   5.58254682E-02   5.72971925E-02
   2.06999850       5.50282225E-02   5.47200516E-02   5.61512485E-02
   2.07999849       5.39276600E-02   5.36365248E-02   5.50282225E-02
   2.08999848       5.28491065E-02   5.25744520E-02   5.39276600E-02
   2.09999847       5.17921261E-02   5.15334085E-02   5.28491065E-02
   2.10999846       5.07562831E-02   5.05129807E-02   5.17921261E-02
   2.11999846       4.97411564E-02   4.95127589E-02   5.07562831E-02
   2.12999845       4.87463325E-02   4.85323407E-02   4.97411564E-02
   2.13999844       4.77714054E-02   4.75713350E-02   4.87463325E-02
   2.14999843       4.68159765E-02   4.66293618E-02   4.77714054E-02
   2.15999842       4.58796583E-02   4.57060374E-02   4.68159765E-02
   2.16999841       4.49620634E-02   4.48010005E-02   4.58796583E-02
   2.17999840       4.40628231E-02   4.39138822E-02   4.49620634E-02
   2.18999839       4.31815684E-02   4.30443287E-02   4.40628231E-02
   2.19999838       4.23179381E-02   4.21919934E-02   4.31815684E-02
   2.20999837       4.14715782E-02   4.13565375E-02   4.23179381E-02
   2.21999836       4.06421460E-02   4.05376256E-02   4.14715782E-02
   2.22999835       3.98293026E-02   3.97349261E-02   4.06421460E-02
   2.23999834       3.90327163E-02   3.89481224E-02   3.98293026E-02
   2.24999833       3.82520631E-02   3.81768979E-02   3.90327163E-02
   2.25999832       3.74870226E-02   3.74209471E-02   3.82520631E-02
   2.26999831       3.67372818E-02   3.66799645E-02   3.74870226E-02
   2.27999830       3.60025354E-02   3.59536521E-02   3.67372818E-02
   2.28999829       3.52824852E-02   3.52417231E-02   3.60025354E-02
   2.29999828       3.45768370E-02   3.45438905E-02   3.52824852E-02
   2.30999827       3.38853002E-02   3.38598788E-02   3.45768370E-02
   2.31999826       3.32075953E-02   3.31894085E-02   3.38853002E-02
   2.32999825       3.25434431E-02   3.25322114E-02   3.32075953E-02
   2.33999825       3.18925753E-02   3.18880305E-02   3.25434431E-02
   2.34999824       3.12547237E-02   3.12566087E-02   3.18925753E-02
   2.35999823       3.06296293E-02   3.06376852E-02   3.12547237E-02
   2.36999822       3.00170369E-02   3.00310180E-02   3.06296293E-02
   2.37999821       2.94166971E-02   2.94363666E-02   3.00170369E-02
   2.38999820       2.88283639E-02   2.88534891E-02   2.94166971E-02
   2.39999819       2.82517970E-02   2.82821525E-02   2.88283639E-02
   2.40999818       2.76867617E-02   2.77221259E-02   2.82517970E-02
   2.41999817       2.71330271E-02   2.71731932E-02   2.76867617E-02
   2.42999816       2.65903659E-02   2.66351290E-02   2.71330271E-02
   2.43999815       2.60585584E-02   2.61077173E-02   2.65903659E-02
   2.44999814       2.55373865E-02   2.55907513E-02   2.60585584E-02
   2.45999813       2.50266381E-02   2.50840206E-02   2.55373865E-02
   2.46999812       2.45261062E-02   2.45873239E-02   2.50266381E-02
   2.47999811       2.40355842E-02   2.41004638E-02   2.45261062E-02
   2.48999810       2.35548727E-02   2.36232430E-02   2.40355842E-02
   2.49999809       2.30837744E-02   2.31554713E-02   2.35548727E-02
   2.50999808       2.26220991E-02   2.26969607E-02   2.30837744E-02
   2.51999807       2.21696571E-02   2.22475324E-02   2.26220991E-02
   2.52999806       2.17262637E-02   2.18070019E-02   2.21696571E-02
   2.53999805       2.12917384E-02   2.13751961E-02   2.17262637E-02
   2.54999804       2.08659042E-02   2.09519397E-02   2.12917384E-02
   2.55999804       2.04485860E-02   2.05370635E-02   2.08659042E-02
   2.56999803       2.00396143E-02   2.01304033E-02   2.04485860E-02
   2.57999802       1.96388215E-02   1.97317936E-02   2.00396143E-02
   2.58999801       1.92460455E-02   1.93410795E-02   1.96388215E-02
   2.59999800       1.88611243E-02   1.89580992E-02   1.92460455E-02
   2.60999799       1.84839014E-02   1.85827054E-02   1.88611243E-02
   2.61999798       1.81142241E-02   1.82147436E-02   1.84839014E-02
   2.62999797       1.77519396E-02   1.78540666E-02   1.81142241E-02
   2.63999796       1.73969008E-02   1.75005328E-02   1.77519396E-02
   2.64999795       1.70489624E-02   1.71539988E-02   1.73969008E-02
   2.65999794       1.67079829E-02   1.68143287E-02   1.70489624E-02
   2.66999793       1.63738225E-02   1.64813828E-02   1.67079829E-02
   2.67999792       1.60463452E-02   1.61550287E-02   1.63738225E-02
   2.68999791       1.57254189E-02   1.58351399E-02   1.60463452E-02
   2.69999790       1.54109104E-02   1.55215813E-02   1.57254189E-02
   2.70999789       1.51026919E-02   1.52142346E-02   1.54109104E-02
   2.71999788       1.48006380E-02   1.49129732E-02   1.51026919E-02
   2.72999787       1.45046255E-02   1.46176759E-02   1.48006380E-02
   2.73999786       1.42145334E-02   1.43282283E-02   1.45046255E-02
   2.74999785       1.39302425E-02   1.40445102E-02   1.42145334E-02
   2.75999784       1.36516374E-02   1.37664098E-02   1.39302425E-02
   2.76999784       1.33786043E-02   1.34938173E-02   1.36516374E-02
   2.77999783       1.31110325E-02   1.32266227E-02   1.33786043E-02
   2.78999782       1.28488122E-02   1.29647171E-02   1.31110325E-02
   2.79999781       1.25918360E-02   1.27079990E-02   1.28488122E-02
   2.80999780       1.23399990E-02   1.24563649E-02   1.25918360E-02
   2.81999779       1.20931994E-02   1.22097116E-02   1.23399990E-02
   2.82999778       1.18513359E-02   1.19679440E-02   1.20931994E-02
   2.83999777       1.16143096E-02   1.17309624E-02   1.18513359E-02
   2.84999776       1.13820238E-02   1.14986748E-02   1.16143096E-02
   2.85999775       1.11543834E-02   1.12709850E-02   1.13820238E-02
   2.86999774       1.09312953E-02   1.10478057E-02   1.11543834E-02
   2.87999773       1.07126692E-02   1.08290445E-02   1.09312953E-02
   2.88999772       1.04984157E-02   1.06146149E-02   1.07126692E-02
   2.89999771       1.02884471E-02   1.04044313E-02   1.04984157E-02
   2.90999770       1.00826779E-02   1.01984106E-02   1.02884471E-02
   2.91999769       9.88102425E-03   9.99646913E-03   1.00826779E-02
   2.92999768       9.68340412E-03   9.79852490E-03   9.88102425E-03
   2.93999767       9.48973559E-03   9.60450154E-03   9.68340412E-03
   2.94999766       9.29994043E-03   9.41431988E-03   9.48973559E-03
   2.95999765       9.11394134E-03   9.22790449E-03   9.29994043E-03
   2.96999764       8.93166289E-03   9.04517993E-03   9.11394134E-03
   2.97999763       8.75302963E-03   8.86607356E-03   8.93166289E-03
   2.98999763       8.57796893E-03   8.69051367E-03   8.75302963E-03
   2.99999762       8.40640999E-03   8.51842947E-03   8.57796893E-03
   3.00999761       8.23828205E-03   8.34975392E-03   8.40640999E-03
   3.01999760       8.07351619E-03   8.18441808E-03   8.23828205E-03
   3.02999759       7.91204628E-03   8.02235585E-03   8.07351619E-03
   3.03999758       7.75380526E-03   7.86350295E-03   7.91204628E-03
   3.04999757       7.59872934E-03   7.70779466E-03   7.75380526E-03
   3.05999756       7.44675472E-03   7.55517092E-03   7.59872934E-03
   3.06999755       7.29781948E-03   7.40556838E-03   7.44675472E-03
   3.07999754       7.15186307E-03   7.25892792E-03   7.29781948E-03
   3.08999753       7.00882589E-03   7.11519225E-03   7.15186307E-03
   3.09999752       6.86864927E-03   6.97430130E-03   7.00882589E-03
   3.10999751       6.73127640E-03   6.83620200E-03   6.86864927E-03
   3.11999750       6.59665093E-03   6.70083566E-03   6.73127640E-03
   3.12999749       6.46471791E-03   6.56815059E-03   6.59665093E-03
   3.13999748       6.33542333E-03   6.43809279E-03   6.46471791E-03
   3.14999747       6.20871503E-03   6.31061010E-03   6.33542333E-03
   3.15999746       6.08454086E-03   6.18565129E-03   6.20871503E-03
   3.16999745       5.96285006E-03   6.06316747E-03   6.08454086E-03
   3.17999744       5.84359327E-03   5.94310882E-03   5.96285006E-03
   3.18999743       5.72672160E-03   5.82542736E-03   5.84359327E-03
   3.19999743       5.61218709E-03   5.71007654E-03   5.72672160E-03
   3.20999742       5.49994316E-03   5.59700653E-03   5.61218709E-03
   3.21999741       5.38994418E-03   5.48618147E-03   5.49994316E-03
   3.22999740       5.28214546E-03   5.37755014E-03   5.38994418E-03
   3.23999739       5.17650275E-03   5.27106505E-03   5.28214546E-03
   3.24999738       5.07297274E-03   5.16669126E-03   5.17650275E-03
   3.25999737       4.97151306E-03   5.06438175E-03   5.07297274E-03
   3.26999736       4.87208273E-03   4.96410253E-03   4.97151306E-03
   3.27999735       4.77464125E-03   4.86580702E-03   4.87208273E-03
   3.28999734       4.67914855E-03   4.76945518E-03   4.77464125E-03
   3.29999733       4.58556553E-03   4.67501627E-03   4.67914855E-03
   3.30999732       4.49385401E-03   4.58244653E-03   4.58556553E-03
   3.31999731       4.40397672E-03   4.49170638E-03   4.49385401E-03
   3.32999730       4.31589736E-03   4.40276461E-03   4.40397672E-03
   3.33999729       4.22957959E-03   4.31558629E-03   4.31589736E-03
   3.34999728       4.14498802E-03   4.23013000E-03   4.22957959E-03
   3.35999727       4.06208821E-03   4.14636778E-03   4.14498802E-03
   3.36999726       3.98084661E-03   4.06426238E-03   4.06208821E-03
   3.37999725       3.90122971E-03   3.98378633E-03   3.98084661E-03
   3.38999724       3.82320513E-03   3.90490447E-03   3.90122971E-03
   3.39999723       3.74674099E-03   3.82758025E-03   3.82320513E-03
   3.40999722       3.67180607E-03   3.75178899E-03   3.74674099E-03
   3.41999722       3.59836989E-03   3.67749692E-03   3.67180607E-03
   3.42999721       3.52640240E-03   3.60467937E-03   3.59836989E-03
   3.43999720       3.45587428E-03   3.53330234E-03   3.52640240E-03
   3.44999719       3.38675687E-03   3.46333627E-03   3.45587428E-03
   3.45999718       3.31902178E-03   3.39475926E-03   3.38675687E-03
   3.46999717       3.25264130E-03   3.32754035E-03   3.31902178E-03
   3.47999716       3.18758842E-03   3.26164928E-03   3.25264130E-03
   3.48999715       3.12383659E-03   3.19706416E-03   3.18758842E-03
   3.49999714       3.06135975E-03   3.13375960E-03   3.12383659E-03
   3.50999713       3.00013251E-03   3.07170558E-03   3.06135975E-03
   3.51999712       2.94012995E-03   3.01088183E-03   3.00013251E-03
   3.52999711       2.88132741E-03   2.95126112E-03   2.94012995E-03
   3.53999710       2.82370090E-03   2.89282366E-03   2.88132741E-03
   3.54999709       2.76722689E-03   2.83554336E-03   2.82370090E-03
   3.55999708       2.71188235E-03   2.77939439E-03   2.76722689E-03
   3.56999707       2.65764468E-03   2.72435881E-03   2.71188235E-03
   3.57999706       2.60449178E-03   2.67041172E-03   2.65764468E-03
   3.58999705       2.55240197E-03   2.61753541E-03   2.60449178E-03
   3.59999704       2.50135385E-03   2.56570452E-03   2.55240197E-03
   3.60999703       2.45132670E-03   2.51489901E-03   2.50135385E-03
   3.61999702       2.40230025E-03   2.46510212E-03   2.45132670E-03
   3.62999701       2.35425425E-03   2.41629104E-03   2.40230025E-03
   3.63999701       2.30716914E-03   2.36844411E-03   2.35425425E-03
   3.64999700       2.26102583E-03   2.32154597E-03   2.30716914E-03
   3.65999699       2.21580523E-03   2.27557728E-03   2.26102583E-03
   3.66999698       2.17148918E-03   2.23051663E-03   2.21580523E-03
   3.67999697       2.12805951E-03   2.18634983E-03   2.17148918E-03
   3.68999696       2.08549830E-03   2.14305613E-03   2.12805951E-03
   3.69999695       2.04378832E-03   2.10062182E-03   2.08549830E-03
   3.70999694       2.00291257E-03   2.05902779E-03   2.04378832E-03
   3.71999693       1.96285429E-03   2.01825518E-03   2.00291257E-03
   3.72999692       1.92359718E-03   1.97829120E-03   1.96285429E-03
   3.73999691       1.88512530E-03   1.93911756E-03   1.92359718E-03
   3.74999690       1.84742280E-03   1.90072134E-03   1.88512530E-03
   3.75999689       1.81047432E-03   1.86308450E-03   1.84742280E-03
   3.76999688       1.77426485E-03   1.82619214E-03   1.81047432E-03
   3.77999687       1.73877960E-03   1.79003214E-03   1.77426485E-03
   3.78999686       1.70400401E-03   1.75458787E-03   1.73877960E-03
   3.79999685       1.66992389E-03   1.71984395E-03   1.70400401E-03
   3.80999684       1.63652538E-03   1.68578885E-03   1.66992389E-03
   3.81999683       1.60379487E-03   1.65240874E-03   1.63652538E-03
   3.82999682       1.57171895E-03   1.61968812E-03   1.60379487E-03
   3.83999681       1.54028460E-03   1.58761616E-03   1.57171895E-03
   3.84999681       1.50947890E-03   1.55617867E-03   1.54028460E-03
   3.85999680       1.47928926E-03   1.52536493E-03   1.50947890E-03
   3.86999679       1.44970347E-03   1.49516144E-03   1.47928926E-03
   3.87999678       1.42070942E-03   1.46555458E-03   1.44970347E-03
   3.88999677       1.39229523E-03   1.43653469E-03   1.42070942E-03
   3.89999676       1.36444927E-03   1.40808872E-03   1.39229523E-03
   3.90999675       1.33716024E-03   1.38020737E-03   1.36444927E-03
   3.91999674       1.31041708E-03   1.35287747E-03   1.33716024E-03
   3.92999673       1.28420873E-03   1.32608810E-03   1.31041708E-03
   3.93999672       1.25852460E-03   1.29983039E-03   1.28420873E-03
   3.94999671       1.23335409E-03   1.27409270E-03   1.25852460E-03
   3.95999670       1.20868697E-03   1.24886341E-03   1.23335409E-03
   3.96999669       1.18451321E-03   1.22413423E-03   1.20868697E-03
   3.97999668       1.16082293E-03   1.19989540E-03   1.18451321E-03
   3.98999667       1.13760645E-03   1.17613527E-03   1.16082293E-03
   3.99999666       1.11485436E-03   1.15284626E-03   1.13760645E-03
   4.00999689       1.09255721E-03   1.13001792E-03   1.11485436E-03
   4.01999712       1.07070606E-03   1.10764150E-03   1.09255721E-03
   4.02999735       1.04929192E-03   1.08570827E-03   1.07070606E-03
   4.03999758       1.02830608E-03   1.06420927E-03   1.04929192E-03
   4.04999781       1.00773992E-03   1.04313612E-03   1.02830608E-03
   4.05999804       9.87585168E-04   1.02248020E-03   1.00773992E-03
   4.06999826       9.67833446E-04   1.00223324E-03   9.87585168E-04
   4.07999849       9.48476780E-04   9.82387224E-04   9.67833446E-04
   4.08999872       9.29507252E-04   9.62934224E-04   9.48476780E-04
   4.09999895       9.10917122E-04   9.43866442E-04   9.29507252E-04
   4.10999918       8.92698765E-04   9.25176137E-04   9.10917122E-04
   4.11999941       8.74844787E-04   9.06855974E-04   8.92698765E-04
   4.12999964       8.57347914E-04   8.88898736E-04   8.74844787E-04
   4.13999987       8.40200926E-04   8.71296914E-04   8.57347914E-04
   4.15000010       8.23396898E-04   8.54043756E-04   8.40200926E-04
   4.16000032       8.06928962E-04   8.37132102E-04   8.23396898E-04
   4.17000055       7.90790364E-04   8.20555375E-04   8.06928962E-04
   4.18000078       7.74974586E-04   8.04306939E-04   7.90790364E-04
   4.19000101       7.59475108E-04   7.88380275E-04   7.74974586E-04
   4.20000124       7.44285586E-04   7.72768923E-04   7.59475108E-04
   4.21000147       7.29399850E-04   7.57466711E-04   7.44285586E-04
   4.22000170       7.14811846E-04   7.42467528E-04   7.29399850E-04
   4.23000193       7.00515637E-04   7.27765379E-04   7.14811846E-04
   4.24000216       6.86505344E-04   7.13354326E-04   7.00515637E-04
   4.25000238       6.72775263E-04   6.99228607E-04   6.86505344E-04
   4.26000261       6.59319747E-04   6.85382634E-04   6.72775263E-04
   4.27000284       6.46133325E-04   6.71810878E-04   6.59319747E-04
   4.28000307       6.33210642E-04   6.58507866E-04   6.46133325E-04
   4.29000330       6.20546401E-04   6.45468186E-04   6.33210642E-04
   4.30000353       6.08135480E-04   6.32686832E-04   6.20546401E-04
   4.31000376       5.95972757E-04   6.20158447E-04   6.08135480E-04
   4.32000399       5.84053283E-04   6.07878203E-04   5.95972757E-04
   4.33000422       5.72372228E-04   5.95841149E-04   5.84053283E-04
   4.34000444       5.60924760E-04   5.84042456E-04   5.72372228E-04
   4.35000467       5.49706281E-04   5.72477351E-04   5.60924760E-04
   4.36000490       5.38712135E-04   5.61141293E-04   5.49706281E-04
   4.37000513       5.27937897E-04   5.50029741E-04   5.38712135E-04
   4.38000536       5.17379143E-04   5.39138156E-04   5.27937897E-04
   4.39000559       5.07031567E-04   5.28462231E-04   5.17379143E-04
   4.40000582       4.96890920E-04   5.17997774E-04   5.07031567E-04
   4.41000605       4.86953097E-04   5.07740478E-04   4.96890920E-04
   4.42000628       4.77214024E-04   4.97686269E-04   4.86953097E-04
   4.43000650       4.67669743E-04   4.87831247E-04   4.77214024E-04
   4.44000673       4.58316354E-04   4.78171307E-04   4.67669743E-04
   4.45000696       4.49150015E-04   4.68702667E-04   4.58316354E-04
   4.46000719       4.40167001E-04   4.59421542E-04   4.49150015E-04
   4.47000742       4.31363675E-04   4.50324180E-04   4.40167001E-04
   4.48000765       4.22736397E-04   4.41406941E-04   4.31363675E-04
   4.49000788       4.14281676E-04   4.32666275E-04   4.22736397E-04
   4.50000811       4.05996048E-04   4.24098776E-04   4.14281676E-04
   4.51000834       3.97876138E-04   4.15700866E-04   4.05996048E-04
   4.52000856       3.89918627E-04   4.07469226E-04   3.97876138E-04
   4.53000879       3.82120255E-04   3.99400597E-04   3.89918627E-04
   4.54000902       3.74477851E-04   3.91491776E-04   3.82120255E-04
   4.55000925       3.66988301E-04   3.83739534E-04   3.74477851E-04
   4.56000948       3.59648548E-04   3.76140815E-04   3.66988301E-04
   4.57000971       3.52455565E-04   3.68692563E-04   3.59648548E-04
   4.58000994       3.45406443E-04   3.61391780E-04   3.52455565E-04
   4.59001017       3.38498328E-04   3.54235613E-04   3.45406443E-04
   4.60001040       3.31728370E-04   3.47221096E-04   3.38498328E-04
   4.61001062       3.25093803E-04   3.40345490E-04   3.31728370E-04
   4.62001085       3.18591919E-04   3.33606062E-04   3.25093803E-04
   4.63001108       3.12220072E-04   3.27000045E-04   3.18591919E-04
   4.64001131       3.05975671E-04   3.20524909E-04   3.12220072E-04
   4.65001154       2.99856154E-04   3.14177945E-04   3.05975671E-04
   4.66001177       2.93859019E-04   3.07956652E-04   2.99856154E-04
   4.67001200       2.87981849E-04   3.01858556E-04   2.93859019E-04
   4.68001223       2.82222201E-04   2.95881211E-04   2.87981849E-04
   4.69001245       2.76577746E-04   2.90022232E-04   2.82222201E-04
   4.70001268       2.71046185E-04   2.84279289E-04   2.76577746E-04
   4.71001291       2.65625247E-04   2.78650055E-04   2.71046185E-04
   4.72001314       2.60312750E-04   2.73132289E-04   2.65625247E-04
   4.73001337       2.55106483E-04   2.67723779E-04   2.60312750E-04
   4.74001360       2.50004348E-04   2.62422371E-04   2.55106483E-04
   4.75001383       2.45004252E-04   2.57225969E-04   2.50004348E-04
   4.76001406       2.40104171E-04   2.52132420E-04   2.45004252E-04
   4.77001429       2.35302083E-04   2.47139746E-04   2.40104171E-04
   4.78001451       2.30596037E-04   2.42245937E-04   2.35302083E-04
   4.79001474       2.25984113E-04   2.37449043E-04   2.30596037E-04
   4.80001497       2.21464434E-04   2.32747130E-04   2.25984113E-04
   4.81001520       2.17035151E-04   2.28138320E-04   2.21464434E-04
   4.82001543       2.12694446E-04   2.23620795E-04   2.17035151E-04
   4.83001566       2.08440557E-04   2.19192691E-04   2.12694446E-04
   4.84001589       2.04271753E-04   2.14852291E-04   2.08440557E-04
   4.85001612       2.00186318E-04   2.10597835E-04   2.04271753E-04
   4.86001635       1.96182591E-04   2.06427620E-04   2.00186318E-04
   4.87001657       1.92258944E-04   2.02339987E-04   1.96182591E-04
   4.88001680       1.88413760E-04   1.98333291E-04   1.92258944E-04
   4.89001703       1.84645483E-04   1.94405948E-04   1.88413760E-04
   4.90001726       1.80952571E-04   1.90556355E-04   1.84645483E-04
   4.91001749       1.77333524E-04   1.86783014E-04   1.80952571E-04
   4.92001772       1.73786859E-04   1.83084383E-04   1.77333524E-04
   4.93001795       1.70311119E-04   1.79458977E-04   1.73786859E-04
   4.94001818       1.66904894E-04   1.75905370E-04   1.70311119E-04
   4.95001841       1.63566801E-04   1.72422137E-04   1.66904894E-04
   4.96001863       1.60295458E-04   1.69007879E-04   1.63566801E-04
   4.97001886       1.57089555E-04   1.65661215E-04   1.60295458E-04
   4.98001909       1.53947767E-04   1.62380820E-04   1.57089555E-04
   4.99001932       1.50868815E-04   1.59165400E-04   1.53947767E-04
   5.00001955       1.47851431E-04   1.56013644E-04   1.50868815E-04
