  0.100000001       1.98000002     -0.200000003       1.94087481    
  0.200000003       1.94120002     -0.388000011       1.86453640    
  0.300000012       1.88492799     -0.562720001       1.77261448    
  0.400000006       1.81262028     -0.723076820       1.66682088    
  0.500000000       1.72580183     -0.868185043       1.54892778    
  0.600000024       1.62606621     -0.997355998       1.42074597    
  0.700000048       1.51505673      -1.11009479       1.28410423    
  0.800000072       1.39444721      -1.20609570       1.14083028    
  0.900000095       1.26592362      -1.28523564      0.992731094    
   1.00000012       1.13116693      -1.34756625      0.841575563    
   1.10000014      0.991836488      -1.39330459      0.689077735    
   1.20000017      0.849554181      -1.42282295      0.536882222    
   1.30000019      0.705890477      -1.43663716      0.386550158    
   1.40000021      0.562351048      -1.43539441      0.239547342    
   1.50000024      0.420365065      -1.41985977       9.72335115E-02
   1.60000026      0.281274736      -1.39090323      -3.91463973E-02
   1.70000029      0.146326184      -1.34948552     -0.168469638    
   1.80000031       1.66617930E-02  -1.29664385     -0.289741248    
   1.90000033     -0.106685989      -1.23347783     -0.402098238    
   2.00000024     -0.222799525      -1.16113532     -0.504811823    
   2.10000014     -0.330879390      -1.08079863     -0.597288966    
   2.20000005     -0.430246472     -0.993670762     -0.679071248    
   2.29999995     -0.520342708     -0.900962591     -0.749833465    
   2.39999986     -0.600730717     -0.803880215     -0.809380472    
   2.49999976     -0.671092033     -0.703613162     -0.857642412    
   2.59999967     -0.731224358     -0.601323307     -0.894670188    
   2.69999957     -0.781037807     -0.498134702     -0.920628190    
   2.79999948     -0.820550203     -0.395124197     -0.935787499    
   2.89999938     -0.849881530     -0.293312967     -0.940517724    
   2.99999928     -0.869247437     -0.193659157     -0.935278714    
   3.09999919     -0.878952563      -9.70514491E-02 -0.920610845    
   3.19999909     -0.879382908      -4.30361927E-03 -0.897125781    
   3.29999900     -0.870997906       8.38498548E-02 -0.865496755    
   3.39999890     -0.854322195      0.166757151     -0.826448441    
   3.49999881     -0.829937041      0.243851513     -0.780746996    
   3.59999871     -0.798471749      0.314652652     -0.729190171    
   3.69999862     -0.760595024      0.378767192     -0.672597468    
   3.79999852     -0.717006207      0.435888350     -0.611800253    
   3.89999843     -0.668426752      0.485794544     -0.547633231    
   3.99999833     -0.615592003      0.528347492     -0.480925232    
   4.09999847     -0.559243083      0.563489318     -0.412490636    
   4.19999838     -0.500119150      0.591239154     -0.343122661    
   4.29999828     -0.438950241      0.611689091     -0.273584902    
   4.39999819     -0.376450270      0.624999642     -0.204605699    
   4.49999809     -0.313310802      0.631394684     -0.136872023    
   4.59999800     -0.250195205      0.631156027      -7.10245222E-02
   4.69999790     -0.187733427      0.624617755      -7.65300868E-03
   4.79999781     -0.126517400      0.612160206       5.27070835E-02
   4.89999771      -6.70970082E-02  0.594203949      0.109577626    
   4.99999762      -9.97665897E-03  0.571203470      0.162539929    
   5.09999752       4.43874374E-02  0.543640971      0.211236209    
   5.19999743       9.55894589E-02  0.512020171      0.255370289    
   5.29999733      0.143275484      0.476860225      0.294707686    
   5.39999723      0.187144458      0.438689679      0.329075038    
   5.49999714      0.226948529      0.398040742      0.358358800    
   5.59999704      0.262492925      0.355443865      0.382503748    
   5.69999695      0.293635160      0.311422378      0.401510447    
   5.79999685      0.320283949      0.266487747      0.415432781    
   5.89999676      0.342397451      0.221134961      0.424374461    
   5.99999666      0.359981298      0.175838470      0.428485841    
   6.09999657      0.373086154      0.131048411      0.427959889    
   6.19999647      0.381804883       8.71873721E-02  0.423028320    
   6.29999638      0.386269629       4.46475148E-02  0.413956970    
   6.39999628      0.386648446       3.78817692E-03  0.401041716    
   6.49999619      0.383141845      -3.50660756E-02  0.384603679    
   6.59999609      0.375979155      -7.16269612E-02  0.364984989    
   6.69999599      0.365414798     -0.105643526      0.342543840    
   6.79999590      0.351724505     -0.136902839      0.317650229    
   6.89999580      0.335201502     -0.165230155      0.290681630    
   6.99999571      0.316152632     -0.190488800      0.262018383    
   7.09999561      0.294894665     -0.212579623      0.232040003    
   7.19999552      0.271750659     -0.231440112      0.201120988    
   7.29999542      0.247046337     -0.247043177      0.169627398    
   7.39999533      0.221106768     -0.259395659      0.137913361    
   7.49999523      0.194253117     -0.268536568      0.106317990    
   7.59999514      0.166799605     -0.274535060       7.51626715E-02
   7.69999504      0.139050782     -0.277488261       4.47485410E-02
   7.79999495      0.111298889     -0.277518928       1.53543698E-02
   7.89999485       8.38216022E-02 -0.274772882      -1.27652194E-02
   7.99999475       5.68799600E-02 -0.269416392      -3.93812247E-02
   8.09999466       3.07166018E-02 -0.261633575      -6.42913803E-02
   8.19999504       5.55424392E-03 -0.251623571      -8.73210430E-02
   8.29999542      -1.84055381E-02 -0.239597812     -0.108323358    
   8.39999580      -4.09832746E-02 -0.225777373     -0.127179727    
   8.49999619      -6.20222911E-02 -0.210390180     -0.143799558    
   8.59999657      -8.13891366E-02 -0.193668440     -0.158119813    
   8.69999695      -9.89737511E-02 -0.175846100     -0.170104399    
   8.79999733     -0.114689395     -0.157156423     -0.179743096    
   8.89999771     -0.128472358     -0.137829661     -0.187050551    
   8.99999809     -0.140281454     -0.118090943     -0.192064762    
   9.09999847     -0.150097281      -9.81582478E-02 -0.194845676    
   9.19999886     -0.157921344      -7.82406032E-02 -0.195473403    
   9.29999924     -0.163774982      -5.85364401E-02 -0.194046438    
   9.39999962     -0.167698190      -3.92321199E-02 -0.190679789    
   9.50000000     -0.169748262      -2.05006953E-02 -0.185502917    
   9.60000038     -0.169998348      -2.50083394E-03 -0.178657696    
   9.70000076     -0.168535948       1.46240424E-02 -0.170296401    
   9.80000114     -0.165461302       3.07464357E-02 -0.160579532    
   9.90000153     -0.160885781       4.57552448E-02 -0.149673790    
   10.0000019     -0.154930174       5.95560595E-02 -0.137750134    
   10.1000023     -0.147723049       7.20712766E-02 -0.124981649    
   10.2000027     -0.139399052       8.32400173E-02 -0.111541741    
   10.3000031     -0.130097255       9.30179209E-02  -9.76023301E-02
   10.4000034     -0.119959578      0.101376750      -8.33321139E-02
   10.5000038     -0.109129190      0.108303867      -6.88950047E-02
   10.6000042      -9.77490321E-02  0.113801591      -5.44486158E-02
   10.7000046      -8.59603882E-02  0.117886417      -4.01429869E-02
   10.8000050      -7.39015788E-02  0.120588131      -2.61193961E-02
   10.9000053      -6.17066920E-02  0.121948883      -1.25092845E-02
   11.0000057      -4.95044813E-02  0.122022107       5.66581613E-04
   11.1000061      -3.74173373E-02  0.120871447       1.29988603E-02
   11.2000065      -2.55603753E-02  0.118569605       2.46902090E-02
   11.3000069      -1.40406592E-02  0.115197159       3.55557054E-02
   11.4000072      -2.95652263E-03  0.110841364       4.55231145E-02
   11.5000076       7.60297198E-03  0.105594948       5.45330271E-02
   11.6000080       1.75584629E-02   9.95549038E-02   6.25388473E-02
   11.7000084       2.68405937E-02   9.28213149E-02   6.95066601E-02
   11.8000088       3.53902131E-02   8.54961872E-02   7.54149184E-02
   11.9000092       4.31584492E-02   7.76823536E-02   8.02541375E-02
   12.0000095       5.01066893E-02   6.94823936E-02   8.40263441E-02
   12.1000099       5.62064499E-02   6.09976053E-02   8.67445096E-02
   12.2000103       6.14391565E-02   5.23270816E-02   8.84318948E-02
   12.3000107       6.57958388E-02   4.35668118E-02   8.91213045E-02
   12.4000111       6.92767277E-02   3.48088890E-02   8.88542756E-02
   12.5000114       7.18908012E-02   2.61407718E-02   8.76802057E-02
   12.6000118       7.36552626E-02   1.76446512E-02   8.56555030E-02
   12.7000122       7.45949522E-02   9.39689297E-03   8.28426182E-02
   12.8000126       7.47417063E-02   1.46755297E-03   7.93091059E-02
   12.9000130       7.41337091E-02  -6.07999554E-03   7.51267225E-02
   13.0000134       7.28147700E-02  -1.31893661E-02   7.03703910E-02
   13.1000137       7.08336309E-02  -1.98113751E-02   6.51173741E-02
   13.2000141       6.82432130E-02  -2.59041693E-02   5.94462790E-02
   13.3000145       6.50998875E-02  -3.14332806E-02   5.34362197E-02
   13.4000149       6.14627264E-02  -3.63716036E-02   4.71659750E-02
   13.5000153       5.73927984E-02  -4.06992957E-02   4.07131389E-02
   13.6000156       5.29524386E-02  -4.44036126E-02   3.41534428E-02
   13.7000160       4.82045710E-02  -4.74786758E-02   2.75600180E-02
   13.8000164       4.32120524E-02  -4.99252006E-02   2.10027881E-02
   13.9000168       3.80370393E-02  -5.17501459E-02   1.45478835E-02
   14.0000172       3.27404067E-02  -5.29663414E-02   8.25714972E-03
   14.1000175       2.73812003E-02  -5.35920635E-02   2.18772073E-03
   14.2000179       2.20161416E-02  -5.36505803E-02  -3.60835087E-03
   14.3000183       1.66991744E-02  -5.31696640E-02  -9.08438023E-03
   14.4000187       1.14810644E-02  -5.21810986E-02  -1.41992755E-02
   14.5000191       6.40904903E-03  -5.07201515E-02  -1.89176835E-02
   14.6000195       1.52654434E-03  -4.88250479E-02  -2.32100841E-02
   14.7000198      -3.12710088E-03  -4.65364493E-02  -2.70528104E-02
   14.8000202      -7.51679251E-03  -4.38969173E-02  -3.04280017E-02
   14.9000206      -1.16118323E-02  -4.09503914E-02  -3.33235115E-02
   15.0000210      -1.53860012E-02  -3.77416871E-02  -3.57327461E-02
   15.1000214      -1.88176017E-02  -3.43160033E-02  -3.76544856E-02
   15.2000217      -2.18894463E-02  -3.07184421E-02  -3.90926003E-02
   15.3000221      -2.45888047E-02  -2.69935746E-02  -4.00557891E-02
   15.4000225      -2.69073062E-02  -2.31850147E-02  -4.05572355E-02
   15.5000229      -2.88408101E-02  -1.93350334E-02  -4.06142734E-02
   15.6000233      -3.03892307E-02  -1.54842008E-02  -4.02479768E-02
   15.7000237      -3.15563381E-02  -1.16710681E-02  -3.94827947E-02
   15.8000240      -3.23495269E-02  -7.93188065E-03  -3.83461006E-02
   15.9000244      -3.27795595E-02  -4.30033356E-03  -3.68677825E-02
   16.0000248      -3.28602940E-02  -8.07360979E-04  -3.50798108E-02
   16.1000252      -3.26083899E-02   2.51903641E-03  -3.30157988E-02
   16.2000256      -3.20429988E-02   5.65392384E-03  -3.07105854E-02
   16.3000259      -3.11854463E-02   8.57552700E-03  -2.81998031E-02
   16.4000263      -3.00589167E-02   1.12652956E-02  -2.55194698E-02
   16.5000267      -2.86881253E-02   1.37079228E-02  -2.27056146E-02
   16.6000271      -2.70989910E-02   1.58913396E-02  -1.97938867E-02
   16.7000275      -2.53183246E-02   1.78066716E-02  -1.68192051E-02
   16.8000278      -2.33735070E-02   1.94481704E-02  -1.38154449E-02
   16.9000282      -2.12921947E-02   2.08131131E-02  -1.08151259E-02
   17.0000286      -1.91020276E-02   2.19016764E-02  -7.84914754E-03
   17.1000290      -1.68303475E-02   2.27167960E-02  -4.94654709E-03
   17.2000294      -1.45039484E-02   2.32639909E-02  -2.13428913E-03
   17.3000298      -1.21488292E-02   2.35511865E-02   5.62912843E-04
   17.4000301      -9.78997815E-03   2.35885102E-02   3.12274136E-03
   17.5000305      -7.45117012E-03   2.33880822E-02   5.52539062E-03
   17.6000309      -5.15479036E-03   2.29637958E-02   7.75364693E-03
   17.7000313      -2.92168185E-03   2.23310851E-02   9.79294255E-03
   17.8000317      -7.71011924E-04   2.15066988E-02   1.16313798E-02
   17.9000320       1.27983466E-03   2.05084644E-02   1.32597135E-02
   18.0000324       3.21534043E-03   1.93550587E-02   1.46713350E-02
   18.1000328       5.02191763E-03   1.80657711E-02   1.58621911E-02
   18.2000332       6.68794662E-03   1.66602917E-02   1.68307219E-02
   18.3000336       8.20379518E-03   1.51584828E-02   1.75777432E-02
   18.4000340       9.56181344E-03   1.35801788E-02   1.81063171E-02
   18.5000343       1.07563119E-02   1.19449887E-02   1.84216276E-02
   18.6000347       1.17835226E-02   1.02721080E-02   1.85308121E-02
   18.7000351       1.26415379E-02   8.58015008E-03   1.84427910E-02
   18.8000355       1.33302370E-02   6.88698888E-03   1.81680936E-02
   18.9000359       1.38511984E-02   5.20961592E-03   1.77186690E-02
   19.0000362       1.42075997E-02   3.56401526E-03   1.71076935E-02
   19.1000366       1.44041050E-02   1.96505454E-03   1.63493715E-02
   19.2000370       1.44467438E-02   4.26391256E-04   1.54587394E-02
   19.3000374       1.43427840E-02  -1.03960268E-03   1.44514758E-02
   19.4000378       1.41005935E-02  -2.42190110E-03   1.33436965E-02
   19.5000381       1.37295071E-02  -3.71086551E-03   1.21517759E-02
   19.6000385       1.32396799E-02  -4.89827292E-03   1.08921584E-02
   19.7000389       1.26419468E-02  -5.97732747E-03   9.58118867E-03
   19.8000393       1.19476812E-02  -6.94265589E-03   8.23494606E-03
   19.9000397       1.11686522E-02  -7.79029122E-03   6.86909119E-03
   20.0000401       1.03168879E-02  -8.51764157E-03   5.49872266E-03
